              precision    recall  f1-score   support

           0     0.7647    0.7647    0.7647        17
           1     0.3333    0.1579    0.2143        19
           2     1.0000    0.7647    0.8667        17
           3     0.4706    0.5000    0.4848        16
           4     0.2500    0.4762    0.3279        21
           5     0.5000    0.5000    0.5000        16
           6     0.5000    0.8824    0.6383        17
           7     0.6667    0.8750    0.7568        16
           8     0.5000    0.0714    0.1250        14
           9     0.5000    0.5882    0.5405        17
          10     0.2069    0.2500    0.2264        24
          11     0.5000    0.0833    0.1429        12
          12     0.5000    0.7895    0.6122        19
          13     0.4000    0.2353    0.2963        17
          14     0.6667    0.5263    0.5882        19
          15     0.7500    0.3000    0.4286        20
          16     0.4706    0.4444    0.4571        18
          17     0.5217    0.5714    0.5455        21
          18     0.8696    0.9524    0.9091        21
          19     0.5833    0.5000    0.5385        14
          20     0.5556    0.5263    0.5405        19
          21     0.4400    0.6875    0.5366        16
          22     0.8000    0.4000    0.5333        20
          23     0.6429    0.6429    0.6429        14
          24     0.8000    0.5000    0.6154        16
          25     0.6667    0.2222    0.3333        18
          26     0.7692    0.6250    0.6897        16
          27     0.6667    0.1333    0.2222        15
          28     0.6087    0.7000    0.6512        20
          29     0.9375    0.8824    0.9091        17
          30     0.6087    0.7778    0.6829        18
          31     0.8182    0.5294    0.6429        17
          32     0.3636    0.2353    0.2857        17
          33     0.2500    0.3000    0.2727        20
          34     0.6154    0.4000    0.4848        20
          35     0.4286    0.1875    0.2609        16
          36     0.3784    0.8235    0.5185        17
          37     0.6111    0.8800    0.7213        25
          38     0.0000    0.0000    0.0000        17
          39     0.5455    0.6667    0.6000        18
          40     0.5000    0.4800    0.4898        25
          41     0.3143    0.4783    0.3793        23
          42     0.4000    0.2353    0.2963        17
          43     0.9375    0.8824    0.9091        17
          44     0.0000    0.0000    0.0000        15
          45     0.5455    0.9231    0.6857        13
          46     0.6667    0.6250    0.6452        16
          47     0.2903    0.5000    0.3673        18
          48     0.4857    0.8947    0.6296        19
          49     0.5517    0.8000    0.6531        20

    accuracy                         0.5291       894
   macro avg     0.5430    0.5234    0.5033       894
weighted avg     0.5401    0.5291    0.5065       894
