              precision    recall  f1-score   support

           0     0.9412    0.9412    0.9412        17
           1     0.8571    0.6316    0.7273        19
           2     1.0000    1.0000    1.0000        17
           3     0.9091    0.6250    0.7407        16
           4     0.9286    0.6190    0.7429        21
           5     0.8333    0.9375    0.8824        16
           6     0.6957    0.9412    0.8000        17
           7     0.8235    0.8750    0.8485        16
           8     0.6250    0.7143    0.6667        14
           9     0.6316    0.7059    0.6667        17
          10     1.0000    0.5417    0.7027        24
          11     0.6923    0.7500    0.7200        12
          12     0.6923    0.9474    0.8000        19
          13     0.9000    0.5294    0.6667        17
          14     0.6538    0.8947    0.7556        19
          15     0.6957    0.8000    0.7442        20
          16     0.6923    0.5000    0.5806        18
          17     0.8571    0.8571    0.8571        21
          18     0.9130    1.0000    0.9545        21
          19     0.6471    0.7857    0.7097        14
          20     0.9474    0.9474    0.9474        19
          21     0.8235    0.8750    0.8485        16
          22     0.9412    0.8000    0.8649        20
          23     0.9231    0.8571    0.8889        14
          24     1.0000    0.7500    0.8571        16
          25     0.5926    0.8889    0.7111        18
          26     0.9167    0.6875    0.7857        16
          27     0.6842    0.8667    0.7647        15
          28     0.8095    0.8500    0.8293        20
          29     1.0000    0.9412    0.9697        17
          30     0.9444    0.9444    0.9444        18
          31     0.9333    0.8235    0.8750        17
          32     0.9333    0.8235    0.8750        17
          33     0.7368    0.7000    0.7179        20
          34     0.6957    0.8000    0.7442        20
          35     1.0000    0.8125    0.8966        16
          36     0.8947    1.0000    0.9444        17
          37     1.0000    0.9200    0.9583        25
          38     0.5000    0.7059    0.5854        17
          39     0.8889    0.8889    0.8889        18
          40     0.8333    0.8000    0.8163        25
          41     0.7917    0.8261    0.8085        23
          42     0.5625    0.5294    0.5455        17
          43     1.0000    1.0000    1.0000        17
          44     0.6875    0.7333    0.7097        15
          45     1.0000    0.9231    0.9600        13
          46     0.9412    1.0000    0.9697        16
          47     0.8000    0.6667    0.7273        18
          48     0.8095    0.8947    0.8500        19
          49     0.9524    1.0000    0.9756        20

    accuracy                         0.8166       894
   macro avg     0.8306    0.8171    0.8153       894
weighted avg     0.8340    0.8166    0.8164       894
