              precision    recall  f1-score   support

           0     0.9412    0.9412    0.9412        17
           1     0.7273    0.8421    0.7805        19
           2     1.0000    1.0000    1.0000        17
           3     1.0000    0.6250    0.7692        16
           4     0.7368    0.6667    0.7000        21
           5     0.8750    0.8750    0.8750        16
           6     0.9091    0.5882    0.7143        17
           7     0.9333    0.8750    0.9032        16
           8     0.5000    0.7857    0.6111        14
           9     0.5652    0.7647    0.6500        17
          10     0.8889    0.6667    0.7619        24
          11     0.6667    0.6667    0.6667        12
          12     0.8571    0.9474    0.9000        19
          13     0.7857    0.6471    0.7097        17
          14     0.7778    0.7368    0.7568        19
          15     0.7083    0.8500    0.7727        20
          16     0.7692    0.5556    0.6452        18
          17     0.7143    0.9524    0.8163        21
          18     0.9500    0.9048    0.9268        21
          19     0.8333    0.7143    0.7692        14
          20     1.0000    0.9474    0.9730        19
          21     1.0000    0.8125    0.8966        16
          22     0.8500    0.8500    0.8500        20
          23     0.8750    1.0000    0.9333        14
          24     1.0000    0.8750    0.9333        16
          25     0.7083    0.9444    0.8095        18
          26     0.9375    0.9375    0.9375        16
          27     0.7333    0.7333    0.7333        15
          28     0.8500    0.8500    0.8500        20
          29     1.0000    0.9412    0.9697        17
          30     0.9444    0.9444    0.9444        18
          31     1.0000    0.8824    0.9375        17
          32     1.0000    0.7647    0.8667        17
          33     0.6522    0.7500    0.6977        20
          34     0.8571    0.6000    0.7059        20
          35     0.7619    1.0000    0.8649        16
          36     0.8500    1.0000    0.9189        17
          37     0.9200    0.9200    0.9200        25
          38     0.8750    0.4118    0.5600        17
          39     0.6667    0.7778    0.7179        18
          40     0.8333    0.8000    0.8163        25
          41     0.6053    1.0000    0.7541        23
          42     0.4615    0.3529    0.4000        17
          43     1.0000    0.9412    0.9697        17
          44     0.6667    0.8000    0.7273        15
          45     1.0000    0.6923    0.8182        13
          46     0.8889    1.0000    0.9412        16
          47     0.8824    0.8333    0.8571        18
          48     0.7895    0.7895    0.7895        19
          49     0.9000    0.9000    0.9000        20

    accuracy                         0.8154       894
   macro avg     0.8330    0.8131    0.8133       894
weighted avg     0.8323    0.8154    0.8142       894
