              precision    recall  f1-score   support

           0     1.0000    0.8235    0.9032        17
           1     0.7368    0.7368    0.7368        19
           2     1.0000    1.0000    1.0000        17
           3     1.0000    0.5625    0.7200        16
           4     0.8500    0.8095    0.8293        21
           5     0.6364    0.8750    0.7368        16
           6     0.6957    0.9412    0.8000        17
           7     0.8235    0.8750    0.8485        16
           8     0.6471    0.7857    0.7097        14
           9     0.5238    0.6471    0.5789        17
          10     0.8500    0.7083    0.7727        24
          11     0.8000    0.6667    0.7273        12
          12     0.8500    0.8947    0.8718        19
          13     0.7500    0.7059    0.7273        17
          14     0.7391    0.8947    0.8095        19
          15     0.6190    0.6500    0.6341        20
          16     0.6111    0.6111    0.6111        18
          17     0.9048    0.9048    0.9048        21
          18     0.8696    0.9524    0.9091        21
          19     0.7333    0.7857    0.7586        14
          20     1.0000    0.9474    0.9730        19
          21     0.6667    0.8750    0.7568        16
          22     0.8824    0.7500    0.8108        20
          23     0.9286    0.9286    0.9286        14
          24     0.9375    0.9375    0.9375        16
          25     0.8421    0.8889    0.8649        18
          26     1.0000    0.6875    0.8148        16
          27     0.8462    0.7333    0.7857        15
          28     0.9286    0.6500    0.7647        20
          29     1.0000    0.8824    0.9375        17
          30     1.0000    0.8889    0.9412        18
          31     1.0000    0.7647    0.8667        17
          32     0.8333    0.8824    0.8571        17
          33     0.7333    0.5500    0.6286        20
          34     0.7500    0.7500    0.7500        20
          35     0.9375    0.9375    0.9375        16
          36     0.8421    0.9412    0.8889        17
          37     0.9583    0.9200    0.9388        25
          38     0.4762    0.5882    0.5263        17
          39     0.8235    0.7778    0.8000        18
          40     0.7692    0.8000    0.7843        25
          41     0.4872    0.8261    0.6129        23
          42     0.5000    0.4118    0.4516        17
          43     0.8947    1.0000    0.9444        17
          44     0.6000    0.4000    0.4800        15
          45     1.0000    0.7692    0.8696        13
          46     0.9375    0.9375    0.9375        16
          47     0.8000    0.6667    0.7273        18
          48     0.8095    0.8947    0.8500        19
          49     0.9048    0.9500    0.9268        20

    accuracy                         0.7975       894
   macro avg     0.8146    0.7954    0.7977       894
weighted avg     0.8139    0.7975    0.7986       894
