              precision    recall  f1-score   support

           0     0.8750    0.8235    0.8485        17
           1     0.4643    0.6842    0.5532        19
           2     1.0000    1.0000    1.0000        17
           3     0.7500    0.5625    0.6429        16
           4     0.6154    0.7619    0.6809        21
           5     0.8125    0.8125    0.8125        16
           6     0.6818    0.8824    0.7692        17
           7     0.7778    0.8750    0.8235        16
           8     0.7000    0.5000    0.5833        14
           9     0.5000    0.8235    0.6222        17
          10     0.3871    0.5000    0.4364        24
          11     0.5333    0.6667    0.5926        12
          12     0.8824    0.7895    0.8333        19
          13     0.4348    0.5882    0.5000        17
          14     0.6500    0.6842    0.6667        19
          15     0.7143    0.5000    0.5882        20
          16     0.5455    0.6667    0.6000        18
          17     0.7826    0.8571    0.8182        21
          18     0.9545    1.0000    0.9767        21
          19     0.6923    0.6429    0.6667        14
          20     0.8421    0.8421    0.8421        19
          21     0.8000    0.7500    0.7742        16
          22     0.6667    0.8000    0.7273        20
          23     0.7143    0.7143    0.7143        14
          24     0.7778    0.8750    0.8235        16
          25     0.6000    0.6667    0.6316        18
          26     1.0000    0.6875    0.8148        16
          27     0.7000    0.4667    0.5600        15
          28     0.9000    0.4500    0.6000        20
          29     1.0000    0.8824    0.9375        17
          30     0.7083    0.9444    0.8095        18
          31     0.7000    0.8235    0.7568        17
          32     0.5909    0.7647    0.6667        17
          33     0.6154    0.4000    0.4848        20
          34     0.4583    0.5500    0.5000        20
          35     0.8462    0.6875    0.7586        16
          36     0.6522    0.8824    0.7500        17
          37     0.8800    0.8800    0.8800        25
          38     0.2500    0.0588    0.0952        17
          39     0.6842    0.7222    0.7027        18
          40     0.8824    0.6000    0.7143        25
          41     0.5000    0.6957    0.5818        23
          42     0.6000    0.1765    0.2727        17
          43     0.9412    0.9412    0.9412        17
          44     0.8571    0.4000    0.5455        15
          45     0.9231    0.9231    0.9231        13
          46     0.7143    0.6250    0.6667        16
          47     0.6250    0.5556    0.5882        18
          48     0.8000    0.8421    0.8205        19
          49     0.9412    0.8000    0.8649        20

    accuracy                         0.7013       894
   macro avg     0.7185    0.7006    0.6953       894
weighted avg     0.7170    0.7013    0.6950       894
