              precision    recall  f1-score   support

           0     0.7222    0.7647    0.7429        17
           1     0.5000    0.0526    0.0952        19
           2     0.7500    0.8824    0.8108        17
           3     0.5833    0.4375    0.5000        16
           4     0.5000    0.1905    0.2759        21
           5     0.5882    0.6250    0.6061        16
           6     0.7000    0.8235    0.7568        17
           7     0.6667    0.7500    0.7059        16
           8     1.0000    0.0714    0.1333        14
           9     0.5625    0.5294    0.5455        17
          10     0.2105    0.3333    0.2581        24
          11     0.7500    0.2500    0.3750        12
          12     0.4545    0.7895    0.5769        19
          13     0.2500    0.2353    0.2424        17
          14     0.4762    0.5263    0.5000        19
          15     0.4615    0.3000    0.3636        20
          16     0.4667    0.3889    0.4242        18
          17     0.4483    0.6190    0.5200        21
          18     0.6552    0.9048    0.7600        21
          19     0.5333    0.5714    0.5517        14
          20     0.3333    0.3158    0.3243        19
          21     0.3125    0.3125    0.3125        16
          22     0.5000    0.0500    0.0909        20
          23     0.5238    0.7857    0.6286        14
          24     0.5455    0.3750    0.4444        16
          25     0.6667    0.1111    0.1905        18
          26     0.8333    0.6250    0.7143        16
          27     1.0000    0.0667    0.1250        15
          28     0.5217    0.6000    0.5581        20
          29     0.7000    0.8235    0.7568        17
          30     0.5909    0.7222    0.6500        18
          31     0.4444    0.4706    0.4571        17
          32     0.2857    0.2353    0.2581        17
          33     0.1538    0.1000    0.1212        20
          34     0.3200    0.4000    0.3556        20
          35     0.6000    0.1875    0.2857        16
          36     0.4286    0.7059    0.5333        17
          37     0.4222    0.7600    0.5429        25
          38     0.0000    0.0000    0.0000        17
          39     0.3793    0.6111    0.4681        18
          40     0.3478    0.6400    0.4507        25
          41     0.3514    0.5652    0.4333        23
          42     0.4706    0.4706    0.4706        17
          43     0.8667    0.7647    0.8125        17
          44     0.0000    0.0000    0.0000        15
          45     0.6875    0.8462    0.7586        13
          46     0.7143    0.3125    0.4348        16
          47     0.3478    0.4444    0.3902        18
          48     0.5000    0.7895    0.6122        19
          49     0.5000    0.7500    0.6000        20

    accuracy                         0.4821       894
   macro avg     0.5125    0.4777    0.4505       894
weighted avg     0.4996    0.4821    0.4485       894
