              precision    recall  f1-score   support

           0     0.7222    0.7647    0.7429        17
           1     0.5000    0.2105    0.2963        19
           2     0.7778    0.8235    0.8000        17
           3     0.4211    0.5000    0.4571        16
           4     0.4211    0.3810    0.4000        21
           5     0.4583    0.6875    0.5500        16
           6     0.6364    0.8235    0.7179        17
           7     0.6667    0.7500    0.7059        16
           8     0.0000    0.0000    0.0000        14
           9     0.5200    0.7647    0.6190        17
          10     0.2692    0.2917    0.2800        24
          11     0.5000    0.0833    0.1429        12
          12     0.5000    0.6842    0.5778        19
          13     0.3571    0.5882    0.4444        17
          14     0.5000    0.3158    0.3871        19
          15     0.5000    0.3000    0.3750        20
          16     0.4167    0.2778    0.3333        18
          17     0.4667    0.6667    0.5490        21
          18     0.5714    0.9524    0.7143        21
          19     0.2963    0.5714    0.3902        14
          20     0.3913    0.4737    0.4286        19
          21     0.3667    0.6875    0.4783        16
          22     1.0000    0.1000    0.1818        20
          23     0.5000    0.6429    0.5625        14
          24     0.6000    0.3750    0.4615        16
          25     0.4000    0.1111    0.1739        18
          26     1.0000    0.6250    0.7692        16
          27     1.0000    0.1333    0.2353        15
          28     0.6875    0.5500    0.6111        20
          29     0.8889    0.9412    0.9143        17
          30     0.6500    0.7222    0.6842        18
          31     0.5263    0.5882    0.5556        17
          32     0.4000    0.2353    0.2963        17
          33     0.3750    0.1500    0.2143        20
          34     0.3846    0.2500    0.3030        20
          35     0.6000    0.1875    0.2857        16
          36     0.4118    0.8235    0.5490        17
          37     0.5429    0.7600    0.6333        25
          38     0.0000    0.0000    0.0000        17
          39     0.4762    0.5556    0.5128        18
          40     0.3182    0.5600    0.4058        25
          41     0.2889    0.5652    0.3824        23
          42     0.5714    0.2353    0.3333        17
          43     1.0000    0.6471    0.7857        17
          44     0.0000    0.0000    0.0000        15
          45     0.6471    0.8462    0.7333        13
          46     0.6667    0.3750    0.4800        16
          47     0.3030    0.5556    0.3922        18
          48     0.5000    0.6316    0.5581        19
          49     0.6522    0.7500    0.6977        20

    accuracy                         0.4944       894
   macro avg     0.5130    0.4903    0.4621       894
weighted avg     0.5100    0.4944    0.4637       894
