              precision    recall  f1-score   support

           0     1.0000    0.8235    0.9032        17
           1     0.8000    0.6316    0.7059        19
           2     0.9444    1.0000    0.9714        17
           3     0.9000    0.5625    0.6923        16
           4     0.6538    0.8095    0.7234        21
           5     0.7222    0.8125    0.7647        16
           6     0.7895    0.8824    0.8333        17
           7     0.8333    0.9375    0.8824        16
           8     0.5714    0.5714    0.5714        14
           9     0.4783    0.6471    0.5500        17
          10     0.4643    0.5417    0.5000        24
          11     0.5385    0.5833    0.5600        12
          12     0.8421    0.8421    0.8421        19
          13     0.6154    0.4706    0.5333        17
          14     0.4688    0.7895    0.5882        19
          15     0.5238    0.5500    0.5366        20
          16     0.7143    0.5556    0.6250        18
          17     0.8261    0.9048    0.8636        21
          18     0.9091    0.9524    0.9302        21
          19     0.9000    0.6429    0.7500        14
          20     0.8500    0.8947    0.8718        19
          21     0.7692    0.6250    0.6897        16
          22     0.8750    0.7000    0.7778        20
          23     0.8000    0.8571    0.8276        14
          24     0.7895    0.9375    0.8571        16
          25     0.6667    0.7778    0.7179        18
          26     0.9091    0.6250    0.7407        16
          27     0.6923    0.6000    0.6429        15
          28     0.8824    0.7500    0.8108        20
          29     1.0000    0.8824    0.9375        17
          30     0.8500    0.9444    0.8947        18
          31     0.9167    0.6471    0.7586        17
          32     0.7692    0.5882    0.6667        17
          33     0.6154    0.4000    0.4848        20
          34     0.6000    0.7500    0.6667        20
          35     0.8000    0.7500    0.7742        16
          36     0.8421    0.9412    0.8889        17
          37     0.7500    0.9600    0.8421        25
          38     0.3750    0.1765    0.2400        17
          39     0.5600    0.7778    0.6512        18
          40     0.6923    0.7200    0.7059        25
          41     0.5000    0.7826    0.6102        23
          42     0.5556    0.2941    0.3846        17
          43     1.0000    0.9412    0.9697        17
          44     0.8889    0.5333    0.6667        15
          45     0.9231    0.9231    0.9231        13
          46     0.8462    0.6875    0.7586        16
          47     0.6111    0.6111    0.6111        18
          48     0.8000    0.8421    0.8205        19
          49     0.8636    0.9500    0.9048        20

    accuracy                         0.7315       894
   macro avg     0.7498    0.7276    0.7285       894
weighted avg     0.7447    0.7315    0.7280       894
