              precision    recall  f1-score   support

           0     0.8750    0.8235    0.8485        17
           1     0.7727    0.8947    0.8293        19
           2     1.0000    1.0000    1.0000        17
           3     0.9000    0.5625    0.6923        16
           4     0.8421    0.7619    0.8000        21
           5     0.7500    0.9375    0.8333        16
           6     0.7273    0.9412    0.8205        17
           7     0.8333    0.9375    0.8824        16
           8     0.5000    0.6429    0.5625        14
           9     0.5909    0.7647    0.6667        17
          10     0.6400    0.6667    0.6531        24
          11     0.7273    0.6667    0.6957        12
          12     0.8636    1.0000    0.9268        19
          13     0.6000    0.8824    0.7143        17
          14     0.8667    0.6842    0.7647        19
          15     0.8421    0.8000    0.8205        20
          16     0.8571    0.6667    0.7500        18
          17     0.8636    0.9048    0.8837        21
          18     0.8400    1.0000    0.9130        21
          19     0.7500    0.6429    0.6923        14
          20     1.0000    1.0000    1.0000        19
          21     0.6667    0.8750    0.7568        16
          22     0.8824    0.7500    0.8108        20
          23     0.8235    1.0000    0.9032        14
          24     1.0000    0.8125    0.8966        16
          25     0.7727    0.9444    0.8500        18
          26     0.9231    0.7500    0.8276        16
          27     0.8667    0.8667    0.8667        15
          28     0.9000    0.9000    0.9000        20
          29     0.9412    0.9412    0.9412        17
          30     0.9444    0.9444    0.9444        18
          31     0.9412    0.9412    0.9412        17
          32     0.8667    0.7647    0.8125        17
          33     0.7059    0.6000    0.6486        20
          34     0.8571    0.6000    0.7059        20
          35     0.9286    0.8125    0.8667        16
          36     0.7391    1.0000    0.8500        17
          37     0.8519    0.9200    0.8846        25
          38     0.6000    0.7059    0.6486        17
          39     0.8824    0.8333    0.8571        18
          40     0.9500    0.7600    0.8444        25
          41     0.6923    0.7826    0.7347        23
          42     0.8571    0.3529    0.5000        17
          43     0.9412    0.9412    0.9412        17
          44     0.9091    0.6667    0.7692        15
          45     1.0000    0.9231    0.9600        13
          46     0.9333    0.8750    0.9032        16
          47     0.8571    0.6667    0.7500        18
          48     0.8000    0.8421    0.8205        19
          49     0.8636    0.9500    0.9048        20

    accuracy                         0.8188       894
   macro avg     0.8308    0.8181    0.8158       894
weighted avg     0.8312    0.8188    0.8167       894
