              precision    recall  f1-score   support

           0     0.6190    0.7647    0.6842        17
           1     0.3636    0.2105    0.2667        19
           2     1.0000    0.7647    0.8667        17
           3     0.5000    0.5000    0.5000        16
           4     0.3600    0.4286    0.3913        21
           5     0.4062    0.8125    0.5417        16
           6     0.5455    0.7059    0.6154        17
           7     0.6500    0.8125    0.7222        16
           8     0.0000    0.0000    0.0000        14
           9     0.6111    0.6471    0.6286        17
          10     0.2581    0.3333    0.2909        24
          11     0.5000    0.0833    0.1429        12
          12     0.4194    0.6842    0.5200        19
          13     0.4667    0.4118    0.4375        17
          14     0.5556    0.5263    0.5405        19
          15     0.4667    0.3500    0.4000        20
          16     0.4211    0.4444    0.4324        18
          17     0.5714    0.5714    0.5714        21
          18     0.7000    1.0000    0.8235        21
          19     0.3704    0.7143    0.4878        14
          20     0.4000    0.3158    0.3529        19
          21     0.3704    0.6250    0.4651        16
          22     0.8333    0.2500    0.3846        20
          23     0.5000    0.7857    0.6111        14
          24     0.4286    0.1875    0.2609        16
          25     0.6667    0.2222    0.3333        18
          26     0.5789    0.6875    0.6286        16
          27     1.0000    0.0667    0.1250        15
          28     0.6000    0.4500    0.5143        20
          29     1.0000    0.8235    0.9032        17
          30     0.8889    0.4444    0.5926        18
          31     0.6250    0.2941    0.4000        17
          32     0.4444    0.2353    0.3077        17
          33     0.5000    0.2500    0.3333        20
          34     0.4545    0.2500    0.3226        20
          35     0.4444    0.2500    0.3200        16
          36     0.5882    0.5882    0.5882        17
          37     0.5833    0.8400    0.6885        25
          38     0.0000    0.0000    0.0000        17
          39     0.4583    0.6111    0.5238        18
          40     0.2982    0.6800    0.4146        25
          41     0.2941    0.6522    0.4054        23
          42     0.3529    0.3529    0.3529        17
          43     0.7895    0.8824    0.8333        17
          44     1.0000    0.0667    0.1250        15
          45     0.7500    0.9231    0.8276        13
          46     0.7143    0.3125    0.4348        16
          47     0.4783    0.6111    0.5366        18
          48     0.4848    0.8421    0.6154        19
          49     0.7647    0.6500    0.7027        20

    accuracy                         0.5045       894
   macro avg     0.5415    0.4983    0.4754       894
weighted avg     0.5363    0.5045    0.4785       894
