              precision    recall  f1-score   support

           0     0.7368    0.8235    0.7778        17
           1     0.8889    0.8421    0.8649        19
           2     1.0000    0.9412    0.9697        17
           3     1.0000    0.5625    0.7200        16
           4     0.8500    0.8095    0.8293        21
           5     0.6087    0.8750    0.7179        16
           6     0.7143    0.8824    0.7895        17
           7     0.8824    0.9375    0.9091        16
           8     0.6667    0.5714    0.6154        14
           9     0.5789    0.6471    0.6111        17
          10     0.5000    0.7083    0.5862        24
          11     0.7778    0.5833    0.6667        12
          12     0.8889    0.8421    0.8649        19
          13     0.5000    0.7059    0.5854        17
          14     0.7368    0.7368    0.7368        19
          15     0.6000    0.7500    0.6667        20
          16     0.6471    0.6111    0.6286        18
          17     0.9500    0.9048    0.9268        21
          18     0.8400    1.0000    0.9130        21
          19     0.8462    0.7857    0.8148        14
          20     0.9000    0.9474    0.9231        19
          21     0.7778    0.8750    0.8235        16
          22     0.7368    0.7000    0.7179        20
          23     0.9091    0.7143    0.8000        14
          24     1.0000    0.8125    0.8966        16
          25     0.7368    0.7778    0.7568        18
          26     1.0000    0.8125    0.8966        16
          27     1.0000    0.6000    0.7500        15
          28     0.9333    0.7000    0.8000        20
          29     1.0000    0.9412    0.9697        17
          30     0.8947    0.9444    0.9189        18
          31     1.0000    0.8235    0.9032        17
          32     0.9231    0.7059    0.8000        17
          33     0.6500    0.6500    0.6500        20
          34     0.6250    0.7500    0.6818        20
          35     0.9167    0.6875    0.7857        16
          36     0.8000    0.9412    0.8649        17
          37     0.8519    0.9200    0.8846        25
          38     0.4815    0.7647    0.5909        17
          39     0.7778    0.7778    0.7778        18
          40     0.9000    0.7200    0.8000        25
          41     0.7200    0.7826    0.7500        23
          42     0.7333    0.6471    0.6875        17
          43     1.0000    1.0000    1.0000        17
          44     1.0000    0.4000    0.5714        15
          45     0.9167    0.8462    0.8800        13
          46     0.7778    0.8750    0.8235        16
          47     0.7500    0.6667    0.7059        18
          48     0.8095    0.8947    0.8500        19
          49     1.0000    0.9500    0.9744        20

    accuracy                         0.7875       894
   macro avg     0.8147    0.7830    0.7886       894
weighted avg     0.8110    0.7875    0.7897       894
