              precision    recall  f1-score   support

           0     0.9375    0.8824    0.9091        17
           1     0.5185    0.7368    0.6087        19
           2     1.0000    1.0000    1.0000        17
           3     1.0000    0.5000    0.6667        16
           4     0.5000    0.9048    0.6441        21
           5     0.8750    0.8750    0.8750        16
           6     1.0000    0.7647    0.8667        17
           7     0.9333    0.8750    0.9032        16
           8     0.9167    0.7857    0.8462        14
           9     0.5652    0.7647    0.6500        17
          10     0.8000    0.5000    0.6154        24
          11     0.6429    0.7500    0.6923        12
          12     0.8500    0.8947    0.8718        19
          13     0.9000    0.5294    0.6667        17
          14     0.5312    0.8947    0.6667        19
          15     0.7368    0.7000    0.7179        20
          16     0.5714    0.4444    0.5000        18
          17     0.6552    0.9048    0.7600        21
          18     0.9545    1.0000    0.9767        21
          19     0.6667    0.4286    0.5217        14
          20     1.0000    0.6842    0.8125        19
          21     0.9091    0.6250    0.7407        16
          22     0.7391    0.8500    0.7907        20
          23     0.7500    0.6429    0.6923        14
          24     0.9333    0.8750    0.9032        16
          25     1.0000    0.8333    0.9091        18
          26     1.0000    0.6250    0.7692        16
          27     0.6842    0.8667    0.7647        15
          28     1.0000    0.7000    0.8235        20
          29     0.9375    0.8824    0.9091        17
          30     1.0000    1.0000    1.0000        18
          31     0.9286    0.7647    0.8387        17
          32     0.6154    0.9412    0.7442        17
          33     0.4800    0.6000    0.5333        20
          34     0.6364    0.7000    0.6667        20
          35     0.7143    0.9375    0.8108        16
          36     0.8889    0.9412    0.9143        17
          37     1.0000    0.8400    0.9130        25
          38     0.2917    0.4118    0.3415        17
          39     0.8421    0.8889    0.8649        18
          40     0.9048    0.7600    0.8261        25
          41     0.7308    0.8261    0.7755        23
          42     0.5000    0.4706    0.4848        17
          43     1.0000    0.9412    0.9697        17
          44     0.8571    0.4000    0.5455        15
          45     0.9231    0.9231    0.9231        13
          46     0.7368    0.8750    0.8000        16
          47     0.8462    0.6111    0.7097        18
          48     0.7500    0.7895    0.7692        19
          49     1.0000    0.9000    0.9474        20

    accuracy                         0.7673       894
   macro avg     0.8031    0.7648    0.7690       894
weighted avg     0.8026    0.7673    0.7702       894
