              precision    recall  f1-score   support

           0     0.7647    0.7647    0.7647        17
           1     0.4000    0.2105    0.2759        19
           2     0.9375    0.8824    0.9091        17
           3     0.5333    0.5000    0.5161        16
           4     0.4286    0.5714    0.4898        21
           5     0.5625    0.5625    0.5625        16
           6     0.7368    0.8235    0.7778        17
           7     0.6364    0.8750    0.7368        16
           8     0.5000    0.0714    0.1250        14
           9     0.4828    0.8235    0.6087        17
          10     0.2500    0.3333    0.2857        24
          11     0.5000    0.0833    0.1429        12
          12     0.4000    0.7368    0.5185        19
          13     0.4000    0.3529    0.3750        17
          14     0.4762    0.5263    0.5000        19
          15     0.3333    0.2500    0.2857        20
          16     0.5000    0.3333    0.4000        18
          17     0.5714    0.5714    0.5714        21
          18     0.7407    0.9524    0.8333        21
          19     0.5000    0.5714    0.5333        14
          20     0.4348    0.5263    0.4762        19
          21     0.3810    0.5000    0.4324        16
          22     0.8750    0.3500    0.5000        20
          23     0.5385    0.5000    0.5185        14
          24     0.7500    0.3750    0.5000        16
          25     0.7500    0.1667    0.2727        18
          26     0.7143    0.6250    0.6667        16
          27     1.0000    0.0667    0.1250        15
          28     0.5385    0.7000    0.6087        20
          29     0.8824    0.8824    0.8824        17
          30     0.5833    0.7778    0.6667        18
          31     0.7778    0.4118    0.5385        17
          32     0.3077    0.2353    0.2667        17
          33     0.2353    0.2000    0.2162        20
          34     0.4286    0.3000    0.3529        20
          35     0.5714    0.2500    0.3478        16
          36     0.4444    0.7059    0.5455        17
          37     0.5676    0.8400    0.6774        25
          38     0.0000    0.0000    0.0000        17
          39     0.5500    0.6111    0.5789        18
          40     0.4516    0.5600    0.5000        25
          41     0.3333    0.6087    0.4308        23
          42     0.3333    0.1176    0.1739        17
          43     0.8889    0.9412    0.9143        17
          44     0.0000    0.0000    0.0000        15
          45     0.6875    0.8462    0.7586        13
          46     0.5294    0.5625    0.5455        16
          47     0.2821    0.6111    0.3860        18
          48     0.5909    0.6842    0.6341        19
          49     0.5517    0.8000    0.6531        20

    accuracy                         0.5190       894
   macro avg     0.5327    0.5110    0.4876       894
weighted avg     0.5271    0.5190    0.4913       894
