              precision    recall  f1-score   support

           0     0.6500    0.7647    0.7027        17
           1     0.3750    0.1579    0.2222        19
           2     0.8750    0.8235    0.8485        17
           3     0.3043    0.4375    0.3590        16
           4     0.3704    0.4762    0.4167        21
           5     0.3571    0.3125    0.3333        16
           6     0.6250    0.8824    0.7317        17
           7     0.6667    0.7500    0.7059        16
           8     0.5000    0.1429    0.2222        14
           9     0.5000    0.5882    0.5405        17
          10     0.2222    0.2500    0.2353        24
          11     0.4444    0.3333    0.3810        12
          12     0.5909    0.6842    0.6341        19
          13     0.4375    0.4118    0.4242        17
          14     0.4348    0.5263    0.4762        19
          15     0.3333    0.1500    0.2069        20
          16     0.5294    0.5000    0.5143        18
          17     0.7778    0.6667    0.7179        21
          18     0.7308    0.9048    0.8085        21
          19     0.4444    0.5714    0.5000        14
          20     0.4286    0.4737    0.4500        19
          21     0.3571    0.6250    0.4545        16
          22     0.8000    0.2000    0.3200        20
          23     0.5294    0.6429    0.5806        14
          24     0.5294    0.5625    0.5455        16
          25     0.5000    0.1111    0.1818        18
          26     1.0000    0.6250    0.7692        16
          27     1.0000    0.0667    0.1250        15
          28     0.6250    0.5000    0.5556        20
          29     0.7500    0.8824    0.8108        17
          30     0.7647    0.7222    0.7429        18
          31     0.5294    0.5294    0.5294        17
          32     0.3750    0.1765    0.2400        17
          33     0.3077    0.2000    0.2424        20
          34     0.4167    0.2500    0.3125        20
          35     0.5714    0.2500    0.3478        16
          36     0.5185    0.8235    0.6364        17
          37     0.4600    0.9200    0.6133        25
          38     0.0000    0.0000    0.0000        17
          39     0.5238    0.6111    0.5641        18
          40     0.6500    0.5200    0.5778        25
          41     0.3784    0.6087    0.4667        23
          42     0.3125    0.2941    0.3030        17
          43     1.0000    0.7059    0.8276        17
          44     1.0000    0.0667    0.1250        15
          45     0.4800    0.9231    0.6316        13
          46     0.6364    0.4375    0.5185        16
          47     0.2500    0.6111    0.3548        18
          48     0.5238    0.5789    0.5500        19
          49     0.4571    0.8000    0.5818        20

    accuracy                         0.5045       894
   macro avg     0.5369    0.5010    0.4788       894
weighted avg     0.5321    0.5045    0.4805       894
